$ 4 0.000005 10.20027730826997 50 5 43
207 240 112 192 112 0 TXD
207 240 160 192 160 0 RXD
207 416 160 448 160 0 A
207 336 256 448 256 0 B
x 180 140 235 143 4 12 TTL\sSerial
x 406 212 456 215 4 12 LED\sSign
r 240 256 336 256 0 1000
d 240 160 336 160 2 default
r 240 160 240 256 0 10000
r 336 160 416 160 0 220
r 240 112 336 112 0 1000
w 336 160 336 112 0
207 336 288 448 288 0 GND
207 336 288 192 288 0 GND
207 240 256 192 256 0 VCC
o 1 64 0 4099 5 0.00009765625 0 2 1 3
o 2 64 0 4099 5 0.00009765625 1 2 2 3
o 3 64 0 4099 5 0.00009765625 2 2 3 3
